1280306090,1305020573,987363900,993033938,1010578354,1010580167,1014978653,1014828935,1014836161,
1034606525,1034606877,1034608870,1035553775,1035886499,1037386338,1042546491,1042551390,1042554430,1042556474,1042558433,1048689200,1048691075,1048694981,1048702960,1048707972,1048765030,1048768300,1048768908,1048772473,1048772651,
1057847263,1057848315,1057848972,1057762011,1057781308,1057825992,1058128202,1058133840,1057680190,1057683754,1057707454,1057707590,1057711885,1057674884,1057675182,1057679610,1057668481,1057625449,1057625875,1057626919,1057627714,1057627816,1057627848,1057628981,1057651105,1057660151,1057653825,1057659476,1057660383,1057662077,1057667575,1057667999,1057668109,1057671621,1057672827,1057673589,1057674795,1057594748,1057628243,1057658804,1057659095,1057660222,1057665521,1057665585,1057667173,1057667768,1057671397,1057674830,1057584976,1057584200,1057673819,1057573388,1057575617,1057658428,1057658461,1057490119,1057529354,1057537463,
1058446290,1058445822,1058446867,1058447320,1058447666,1058439351,1058445104,1058437234,1058437321,1058429115,1058350398,1058356168,1058390201,1058394201,1058428921,1058444808,1058311718,1058320336,1058349589,1058394337,1058185859,1058275903,1058280459,1058280638,1058573575,
1059719282,1059821155,1060175337,1059650423,1059648251,1059693757,1059647732,1059648196,1059653216,1059693541,1059718974,1059921182,1059401208,1059401359,1059459378,1058996716,1059132380,1058976532,1058950476,1058917915,1058712813,1058778958,
1060865182,1060829094,1060776819,1060775216,1060764349,1060764412,1060761429,1060553726,1060595221,1060605941,1060687901,1060700076,1060739730,1060443338,1060175868,1060166542,1060170336,1060175247,1060089044,1060071654,1060101190,1059991918,1059834252,1059910846,1059916171,1059920511,
1061655414,1061769020,1061484790,1061512283,1061476301,1061477701,1061396629,1061351498,1061351685,1061371860,1061372126,1061376882,1061379616,1061380004,1061380084,1061380275,1061381207,1061298634,1061300718,1061301073,1061301475,1061304545,1061311748,1061312110,1061312159,1061040951,1061049737,1061081378,1061084505,1061106453,1061119600,1061123687,1061125627,1061128354,1061131625,1061220367,1062603118,1062074286,1062077279,
1063717937,1063719129,1063719281,1063720138,1063722091,1063616287,1063642040,1063701111,1063714089,1063362410,1063369886,1063551710,1063612034,1063628099,1063701411,1063304490,1063307403,1063308532,1063328251,1063284518,
1064926758,1064929624,1064929700,1064935738,1065011991,1064819908,1064842414,1064848764,1064855639,1064858855,1064860601,1064864586,1064908286,1064910114,1064926365,1065011186,1064856399,1065010993,1064591833,1064420761,1064410883,1064417917,1064437311,1064468220,1064488161,1064418045,1064322516,1064382494,1064394773,1064251459,1063977685,1063792384,1063809607,1063817804,1063819066,1063821755,1063822287,
1066032395,1066032748,1066060277,1066137904,1066002783,1066032412,1066049950,1066053128,1066054530,1065754047,1065799480,1065774854,1065457418,1065724940,1065335037,1065335124,1065129624,1065130530,1065137005,1065137236,1065183566,1065137085,1065020369,
1066834739,1066673260,1066678071,1066681630,1066681715,1066681779,1066683918,1066687366,1066698478,1066722648,1066722774,1066725655,1066730764,1066731226,1066733637,1066734569,1066741733,1066742318,1066743858,1066265374,1066291225,1066314612,1066316384,1066316693,1066318866,1066322538,1066223731,1066221316,1066243210,1066235607,1066335590,1066335993,1066379516,1066396784,1066134456,1066135576,
1067464804,1067300866,1067254852,1067267538,1067267891,1067179293,1067180779,1067183751,1067184267,1067186904,1067244814,1067254232,1067267383,1067267667,1067271546,1067274265,1067283109,1067283600,1067329105,1067330656,1067331795,1067337834,1067341241,1067346413,1067085965,1067075164,1067083087,1067084398,1067085073,1067085899,1066992080,1067005370,1067011904,1066915039,1066920471,
1068116089,1068116175,1068118592,1068120218,1068122696,1068155067,1068052563,1068058289,1068062971,1068063173,1068214966,1068045102,1068046522,1068047485,1068048064,1068046921,1068050866,1067997732,1068045289,1068048387,1068062780,1068063261,1067955875,1067956594,1067957221,1067936241,1067947002,1067947155,1067851892,1067851955,1067856023,1067867642,1067876942,1067895057,1067910010,1067867410,1067910087,1067465837,1067857744,1067867736,1067936158,1067471136,1067540675,1067542148,1067543718,1067602882,1067609193,1067613855,1067634025,
1068720695,1068723835,1068724320,1068725622,1068556369,1068559592,1068560483,1068500314,1068560343,1068562966,1068485694,1068464444,1068465484,1068467711,1068478815,1068479984,1068404175,1068412866,1068428615,1068453018,1068452858,1068316176,1068385785,1068386890,1068387172,1068388571,1068404338,1068323149,1068341742,
1069257628,1069154907,1069155602,1069084646,1068893630,1068820025,1068856794,1068856987,1068856804,1068820217,1068821500,1068834736,1068839486,1068637126,1068638681,1068649317,1068668856,1068670267,1068685846,1068718469,
1069817400,1070223418,1069817112,1069840146,1069776050,1069780900,1069804014,1069805794,1069767095,1069767019,1069776683,1069764930,1069766342,1069776786,1069684197,1069688405,1069694445,1069766460,1069430854,1069433611,1069441110,1069272980,1069333453,1069342438,1069377247,
1070458660,1070462585,1070464806,1070464990,1070467071,1070549554,1070553819,1070615210,1070454045,1070458598,1070463345,1070312155,1070317202,1070281675,1070360483,1070205724,1070223117,1070272904,1070201609,1070072319,1070273019,1070010816,1070273105,1069877513,1069862141,1069873611,1069875557,1069848446,
1070925306,1070925722,1070926150,1070926838,1070927162,1070939859,1070955250,1070976007,1070988522,1070907199,1070917624,1070919245,1070890403,1070893958,1070896699,1070914068,1070914984,1070887092,1070841836,1070871965,1070876218,1070878815,1070882861,1070913561,1070975618,1070815706,1070816290,1070816975,1070817579,1070825118,1070831302,1070841610,1070853303,1070878667,1070923371,1070925667,1070807440,1070802939,1070878969,1070886683,1070886822,1070472440,1070546812,1070548087,1070548664,1070549063,1070619921,
1071338534,1071341735,1071396569,1071405473,1071439445,1071440750,1071449824,1071493320,1071496080,1071577523,1071219055,1071240368,1071152851,1071178146,1071077549,1071129780,1071024806,1071054029,1071055536,1071061356,1071061948,1071075260,1071129909,1071024645,1070982155,1070981068,1070984804,1070985501,1070985723,1071024523,1070968957,1070972248,1070984710,
1072188991,1072141986,1072142767,1072178242,1072092874,1072097644,1072098643,1072088048,1072088400,1072101298,1072141719,1072084866,1072085084,1072087669,1071713588,1071736582,1071736815,1071738082,1071665781,1071673673,1071761563,1071658405,1071663745,1071664294,1071761665,1071606975,1071624134,1071658344,1071583362,1071585184,1071541662,1071577603,1071606593,1071501283,1071502147,1071503592,1071508539,1071521821,1071525418,1071527369,1071534660,1071577471,1071483253,1071493401,1071534462,1071408943,1071437052,
1072718495,1072787674,1073905143,1073908556,1073909846,1073911566,1073916229,1073918088,1073921678,1073981870,1073988108,1073988833,1073989304,1074001482,1073911637,1073914405,1073914820,1073918355,1073919247,1073926871,1073982286,1073987904,1073988988,1073989467,1073989715,1073995322,1073997309,1073997643,1073997700,1074001719,1073989596,1073665041,1073668287,1073660423,1073664921,1073668161,1073668223,1073659544,1073660788,1073664848,1073860292,1073580341,1073603891,1073664768,1136826414,1073573852,1073579148,1073584356,1073603805,1073608296,1073609287,1073653482,1073659473,1073661245,1073912168,1073609220,1073489154,1073496020,1073502386,1073504953,1073535161,1073569130,1073577672,1073488792,1073505251,1073534183,1073534905,1073568990,1073580150,1073484688,1073485562,1073486220,1073488966,1073493646,1073568900,1073391249,1073394514,1073394770,1073342809,1073343321,1073344412,1073394192,1073568688,1073298703,1073300927,1073302599,1073324263,1073326237,1073342222,1073255758,1073266758,1073318970,1073324623,1073326810,1073342350,1073328436,1073164485,1073165899,1073225336,1073229549,1073242180,1073252838,1073309821,1073318204,1073318373,1073318887,1073325248,1073298420,1073318966,1073319049,1073322389,1073298330,
1074268362,1074270982,1074273870,1074357098,1074184385,1074197498,1074202463,1074038338,1074042275,1074045548,1074061710,1074080933,1074081662,1074085654,1074089990,1074102714,1074081997,1073997292,1073997423,1073999004,1074001944,1074002429,1074010542,1073994841,1073941251,1073952132,1073982363,1073983232,1073987594,1073988717,1073998940,1073923629,1073927797,1073921854,1073921791,1073908896,1073909994,1073910815,1073911667,1073912241,1073912417,1073916400,1073916773,1073917877,1073918580,1073919615,1074002967,1073931246,
1074857464,1074863746,1075309495,1074719011,1074723156,1074724721,1074857689,1074863914,1074713212,1074713620,1074715229,1074716316,1074726096,1074698045,1074698968,1074699627,1074707195,1074707541,1074684868,1074685584,1074686486,1074690539,1074606629,1074607974,1074608581,1074673829,1074600925,1074602633,1074602943,1074595728,1074462822,1074504801,1074507308,1074508461,1074511817,1074512461,
1075494483,1075480891,1075481280,1075483446,1075538979,1075461018,1075481225,1075393040,1075461269,1075539148,1075309125,1075364963,1075365866,1075385292,1075366049,1075385473,1075385778,1075385909,1075482992,1075307165,1075309242,1075234047,1075121618,1075136875,1075221901,1074864221,1074865987,1074866107,1074866329,1074868009,1074866267,
1076285383,1076319789,1076327480,1076349994,1076332486,1075898036,1075903816,1075904559,1075829395,1075807362,1075812618,1075817026,1075806427,1075807020,1075793682,1075797541,1075797799,1075798974,1075808274,1075717758,1075798957,1075716712,1075642924,1075644882,1075677566,1075719223,1075587613,1075642523,1075800786,
1076676532,1076661962,1076678089,1076680427,1076607114,1076510523,1076510706,1076511744,1076513889,1076514569,1076416273,1076417686,
1077120778,1077138209,1077110144,1077116258,1077118682,1077129959,1077015469,1076973921,1076974158,1076974228,1076974418,1076974479,1076974095,1076943238,1076973503,1076973947,1076974322,1076974542,1076974589,1076943142,1076946794,1076947142,1076949374,1076973756,1076974032,1076974510,1076974729,1076874601,1076928375,1076928762,1076944159,1076949435,
1077811131,1077814740,1077793324,1077751154,1077816095,1077880491,1077880959,1077643764,1077631187,1077633326,1077740809,1077618322,1077624167,1077629058,1077542816,1077543838,1077544884,1077545864,1077548261,1077554650,1077555073,1077555357,1077555923,1077556415,1077556620,1077575834,1077583704,1077537156,1077549399,1077575196,1077578463,1077583813,1077537520,1077538661,1077542013,1077544177,1077546566,
1078826123,1078830165,1078835005,1078844080,1078917189,1078766882,1078761210,1078761374,1078760842,1078761109,1078761469,1078764237,1078783488,1078786621,1078844218,1078751496,1078760932,1078780399,1078689574,1078818009,1078494574,1078496576,1078507615,1078595958,1078390872,1078394080,1078404494,1078429022,1078429138,1078429315,1078333771,1078368484,1078390992,1078393998,1078597239,1078233985,1078234848,1078316341,1078155606,1078156158,1078086703,1078098208,1078130323,1078136405,1078163185,1078182392,1078182833,1078182707,1078148755,1078151528,1078153315,1078155670,1078155870,1078176802,1077901640,1077910582,1077911665,1077920307,1077984880,1077993833,1078134011,1077974397,1077979839,
1079539025,1079541091,1079460779,1079546243,1079613356,1079454494,1079457529,1079548644,1079450258,1079450742,1079453775,1079467978,1079830284,1079446615,1079454914,1079457795,1079458163,1079438438,1079343092,1079344696,1079388956,1079441920,1079450433,1079345554,1079389086,1079425369,1079103035,1079111874,1079113357,1079173194,1079389251,1079092131,1079111275,1078992676,1079020649,1079043992,1078850132,1078852257,1078866604,1078843505,1078847989,1078848156,1078848324,1078910011,
1080131135,1080219701,1080046296,1080053173,1080053607,1080054164,1080054885,1080054912,1080054888,1079989543,1079972821,1079980851,1079988650,1079989129,1079826746,1079866192,1079902777,1079912054,1079942315,1079975531,1079989247,1079989377,1079989586,1079989875,1079993256,1079944170,1079948039,1079973882,1079791249,1079811696,1079826739,1079830306,1079866217,1079904292,1079907681,1079912246,1079940125,1079944182,1079714831,1079710944,1079703412,1079707725,1079709076,1079711484,1079615151,1079617715,1079625724,1079613471,1079709154,1079605433,1079610619,1079625841,1079626201,
1080568729,1080574804,1080580824,1080568493,1080571494,1080568325,1080567871,1080568843,1080571358,1080581815,1080582804,1080585177,1080593167,1080609529,1080644358,1080572197,1080383224,1080411683,1080472015,1080484095,1080504741,1080235811,1080249084,1080249721,1080220199,1080233641,1080233949,1080238257,1080238367,1080249143,1080249344,1080260838,1080249172,1080249652,1080219784,1080225002,1080230946,1080202849,1080214216,1080219568,1080219639,1080304634,1080138004,
1081178603,1081179593,1081182615,1081108861,1081147671,1081154899,1081161732,1080900084,1080906468,1080910652,1080736474,1080653776,1080654627,1080655826,1080657974,1080686454,1080648204,1080644677,1080633645,1080580685,1080580948,1080577414,
1081943615,1081947083,1081947328,1081947730,1081956017,1081428231,1081434451,1081435314,1081443932,1081542061,
1082897944,1082906376,1082880509,1082894912,1082922659,1082957005,1082963980,1082970797,1082646539,1082649821,1082632304,1082640322,1082646925,1082716827,1082565934,1082572909,1082640411,1082512207,1082512675,1082527228,1082533884,1082536405,1082546180,1082546900,1082563112,1082566003,1082650147,1082650220,1082297674,1082360495,1082109872,1082113529,1082116677,1082118501,1082121135,1082121213,
1083665684,1083625585,1083629674,1083568632,1083598173,1083527846,1083568497,1083609032,1083609743,1083701518,1083851817,1083466020,1083522143,1083568529,1083465429,1083524001,1083568593,1083608372,1083330493,1083424258,1083165058,1083168164,1082979797,1082996469,1083011895,
1084472055,1084475833,1084553339,1084443243,1084447495,1084448048,1084448427,1084454585,1084464051,1084465764,1084467560,1084475770,1084478701,1084546336,1084548656,1084472240,1084393033,1084427940,1084349567,1084349425,1084349530,1084220438,1084283026,1084283407,1084346426,1084196597,1084219753,1084220371,1084221639,1084222598,1084233682,1084261632,1084263029,1084188407,1084192254,1084194160,1084195541,1083851327,1083855088,1083857795,1083863636,1083853160,1083871599,
1085577043,1085577774,1085578512,1085581763,1085582954,1085488927,1085490791,1085490463,1085490913,1085428799,1085483064,1085405892,1085406223,1085061950,1085067303,1085082292,1085124621,1085145541,1085153294,1085154261,1085402099,1085406282,1085406679,1085406841,1085407751,1085414592,1084968606,1084968733,1084969068,1084971004,1084971185,1084971314,1084998908,1084971638,1084972014,1084974287,1084974578,1084979706,1084984434,1084963457,1084968643,1084971100,1084971263,1084971350,1084973869,1084974839,1084978138,1084979833,1084796883,1084873948,1084882923,1084882979,1084781475,1084784707,1084820352,1084741696,1084778056,1084784646,1084800292,1084801380,1084882166,1084884069,1084887279,
1086357868,1086263488,1086264453,1086267566,1085762884,1085853951,1086004204,1086014386,1086014400,1085755112,1085756213,1085753297,1085754097,1086171282,1085749891,1085750367,1085655055,1085664537,1085589921,1085692753,1085587447,1085568001,1085568691,1085574115,1085576626,1085577138,1085581626,1085576662,
1087215419,1087215574,1087215738,1087251247,1087119099,1087131609,1086939976,1086956798,1086963205,1086993587,1086942420,1086942458,1086942504,1086943928,1086961225,1086967434,1086982358,1086863245,1086881958,1086884508,1086885045,1086894549,1086817917,1086984132,1086993778,1087036518,1087043794,1087058532,1086786936,1086790549,1086796622,1086712379,1086694081,1086694767,1086695545,1086702247,1086704747,1086704998,1086706521,
1087825212,1087751551,1087813968,1087816742,1087817106,1087819024,1087857626,1087887007,1087902189,1087657390,1087659032,1087655661,1087642744,1087653718,1087657291,1087659276,1087815332,1087817028,1087841715,1087857763,1087904222,1087569930,1087581614,1087635667,1087565462,1087556745,1087558753,1087562784,1087563651,1087565337,1087483555,1087495023,1087497540,1087462556,1087576787,1087460397,1087473706,1087237766,1087250846,1087251390,1087256178,1087294428,1087234107,1087234614,1087251144,1087256109,1087294049,1087298193,1087216290,1087222611,1087224611,1087224959,1087233773,1087234516,1087250792,1087256077,1087381537,1087382103,1087228438,1087216192,1087197761,1087206916,1087211695,1087212625,1087251011,1087214464,1087215309,1087215662,1087215780,1087227485,1087228726,
1088434659,1088434810,1088434879,1088435189,1088442202,1088466020,1088492030,1088497191,1088499839,1088500467,1088502277,1088511550,1088515907,1088527780,1088417361,1088419763,1088420716,1088432099,1088433081,1088447316,1088460256,1088466235,1088497646,1088076362,1088085861,1088086397,1088003660,1087991227,1087991979,1087998627,1087991886,1088006313,1087840652,1087919328,
1089210103,1089210800,1089101639,1089103972,1089104721,1089128085,1089129768,1089028620,1088866404,1088956806,1088779261,1088784377,1088866102,1088978780,1089011851,1088766081,1088769759,1088771008,1088595373,1088606257,1088517288,1088499555,1088502794,1088510954,1088511885,1088525243,1088527586,
1089965173,1089992826,1089992926,1089892604,1089893682,1089644219,1089646158,1089476599,1089725801,1089410687,1089289676,1089290551,1089290678,1089249424,1089275057,1089285025,1089285483,
1091195661,1091042054,1091111661,1090977024,1091007681,1091023074,1090935752,1090840186,1090831546,1090842708,1090848875,1090854141,1090855282,1090777200,1090800311,1090082224,
1093011560,1092930995,1093011786,1093022428,1092752692,1092753905,1092794650,1092835057,1092845533,1092914059,1092915504,1092492329,1092661769,1092666420,1092668474,1091520712,1091544835,
1093898673,1093898706,1093949963,1093950262,1093951150,1093954926,1093955723,1093961528,1093962287,1093956198,1093957610,1093875868,1093877665,1093871122,1093875037,1093950487,1093951106,1093786327,1093797792,1093802765,1093875333,1093176323,1093141432,
1094476063,1094476344,1094476649,1094476865,1094498588,1094505983,1094545006,1094546549,1094484887,1094546647,1094557735,1094475849,1094485148,1094505685,1094476823,1094505798,1094545061,1094455630,1094202043,1094138719,1094201959,1094223423,1094048602,1094051280,
1094805174,1094800992,1094812902,1095013870,1095007775,1094740614,1094741470,1094755025,1094755993,1094764350,1094741509,1094764421,1094737990,1094738239,1094738500,1094738618,1094739186,1094739359,1094739527,1094739806,1094740131,1094740353,1094740435,1094720475,1094738299,1094738344,1094738543,1094738656,1094739218,1094739450,1094755310,1094599882,1094646524,
1095325033,1095326273,1095326631,1095327510,1095328391,1095330826,1095331156,1095331297,1095335810,1095330070,1095328285,1095328353,1095426022,1095275266,1095326511,1095327524,1095332394,1095260440,1095282190,1095178465,1095178387,1095180728,1095158521,1095158876,1095160958,1095161857,1095161963,1095164423,1095156262,1095149742,1095149887,1095150132,1095150357,1095079689,1095102481,1095147119,1095148727,1095148792,1095148914,1095149068,1095149165,1095149442,1095149558,1095149676,1095150022,1095150594,1095150642,1095149218,1095149432,1095149529,1095149531,1095149639,1095149769,1095150920,1095149949,1095060745,1095070343,1095070709,1095007666,1095031709,1095060690,1095062775,1095064273,1095065426,1095067255,1095070550,1095072232,1095102649,1094989644,1095005554,
1096646818,1096648854,1096817982,1096875151,1096878829,1096883831,1096634129,1096634550,1096635327,1096636210,1096639490,1096640102,1096632099,1096632788,1096633850,1096634481,1096634705,1096642414,1096818217,1096630521,1096630773,1096630939,1096634536,1096634748,1096635589,1096489372,1096489402,1096489427,1096489445,1096489488,1096489554,1096537711,1096382126,1096384735,1096385775,1096390057,1096451355,1096282005,1096285131,1096285405,1096285615,1096286174,1096286486,1096286845,1096287205,1096287867,1096293843,1096277956,1096279271,1096279448,1096279554,1096281273,1096281830,1096282043,1096287271,1096287559,1096294121,1096294453,1096357328,1096360004,1096360440,1096360572,1096364102,1096364866,1096380052,1096380838,1096034331,1096045224,1096046450,1096105285,1096118772,1096120905,1096164550,1096236185,1096268692,1096274562,1096276198,1096034414,1096034552,1096035697,1096036573,1096041219,1096276491,1096035571,
1097150789,1097150840,1097176715,1097228069,1097232347,1097235212,1097237074,1097240195,1097242163,1097141251,1097141514,1097142322,1097143155,1097146403,1097155386,1097159299,1097162254,1097010579,1097048970,1097053610,1097054974,1097066462,1097134041,1097155473,1096978317,1096980867,1097010668,1096984565,1096984577,1096984676,1096967126,1096969934,1096964071,1096963822,1096960780,1096967155,1096968052,1096978150,1096978494,1096934703,1096914077,1096967995,1096969877,1096970076,1096648931,1096648982,1096817777,1096875272,1096643504,1096638952,1096646947,1096817839,1096834271,
1097568992,1097574406,1097574837,1097575425,1097577093,1097577810,1097578481,1097578666,1097579050,1097579625,1097566628,1097566520,1097574560,1097516661,1097566393,1097566488,1097567301,1097567873,1097582488,1097566277,1097241850,1097235401,1097235537,1097241715,1097236982,1097241749,1097228715,1097232215,1097236910,1097234888,1097234930,1097228208,1097235523,1097236881,1097242005,1097222008,1097225968,1097226504,1097235007,1097236801,1097238366,1097242088,1097161132,1097162140,1097155779,1097156435,1097156691,1097225845,1097225911,
1097586126,1097586183,1097586241,1097586765,1097585378,1097585614,1097585691,1097585795,1097586658,1097585669,1097585244,1097585257,1097585438,1097585477,1097585737,1097586911,1097594381,1097583647,1097585069,1097585098,1097585337,1097582334,1097582407,1097583328,1097582426,1097583104,1097583252,1097583503,1097584582,1097578414,1097582811,1097584702,1097594434,1097594465,1097577599,1097577901,1097578276,1097578464,1097578717,1097579581,1097581118,1097581155,1097582271,1097582348,1097582967,1097583070,1097583431,1097582913,
1097765005,1097765514,1098198349,1098201080,1098265051,1098269800,1098110935,1098111421,1098169346,1098182130,1098089900,1098099420,1098119560,1098182275,1098089683,1098099479,1098100271,1098100487,1097754556,1097757274,1097757789,1097758020,1097762754,1097837600,1097857654,1097679082,1097679814,1097680083,1097681161,1097683341,1097708270,1097712454,1097741786,1097745894,1097746853,1097748651,1097748751,1097751315,1097751579,1097752784,1097752804,1097754258,1097756578,1097757720,1097758082,1097763783,1097763787,1097763978,1097764591,1097764666,1097764779,1097765354,
1098348262,1098352072,1098347405,1098348120,1098346488,1098352743,1098356793,1098339636,1098341664,1098346347,1098308528,1098308346,1098286137,1098300343,1098285701,1098283803,1098284805,1098284916,1098283191,1098283720,1098282875,1098283514,1098284362,1098282663,1098283427,1098283848,1098285010,1098353665,1098282172,1098282726,1098281523,1098281725,1098280870,1098281273,1098282497,1098282709,1098283459,1098280786,1098280239,1098280561,1098280808,1098283593,1098274716,1098270460,1098283283,1098267008,1098268842,1098269999,1098271167,1098271384,1098280393,
1098723272,1098741868,1098749365,1098775303,1098777804,1098794917,1098796891,1098805207,1098720421,1098723200,1098732171,1098741464,1098714060,1098715048,1098717541,1098722194,1098709983,1098710410,1098712041,1098713844,1098714846,1098715507,1098716343,1098720191,1098709127,1098708357,1098708868,1098708985,1098709566,1098706200,1098707254,1098708074,1098709060,1098709206,1098709347,1098709470,1098709864,1098710019,1098710495,1098714415,1098715103,1098716677,1098719619,1098703963,1098705880,1098707093,1098707158,1098707320,1098707725,1098708571,1098703407,1098708181,1098708403,1098708518,1098708751,1098708895,1098709283,1098709284,1098709367,1098709473,1098709934,1098688126,1098695873,1098696017,1098697101,1098699121,1098702294,1098703143,1098703633,1098703795,1098706056,1098707463,1098632749,1098632779,1098703213,1098632534,1098632078,1098703524,1098528288,1098536302,1098547844,1098551368,1098485077,1098503712,1098536331,1098454902,1098503641,1098623607,1098632192,1098450572,1098451774,1098454764,1098457549,1098503574,1098376744,1098380762,1098457903,1098527889,1098357730,1098358202,1098358340,1098358616,1098358755,1098370935,1098371774,1098375760,1098376951,1098380575,1098383471,1098387430,1098390000,1098444151,1098451059,1098451626,1098374211,1098376705,1098428240,1098351353,1098352168,1098352585,1098355528,1098358151,1098358503,1098358810,1098365750,
1099049770,1099050352,1098990071,1098996975,1099014185,1098976448,1098988376,1099049461,1098970991,1098976700,1098988587,1098957027,1098957058,1098948159,1098950566,1098989170,1099050431,1098911883,1098954049,1098989849,1099050226,1098908838,1098909159,1098954128,1098954871,1098878425,1098881841,1098884899,1098894673,1098910811,1099052061,1098900384,1098878293,1098884510,1098885409,1098891045,1098953722,1098878083,1099047047,1098837123,1098869737,1098833058,1098833961,1098836827,1098836857,1098868390,1098869699,1098874682,1098875211,1098876555,1098877879,1098901268,1098877900,1098885098,1098890906,1098810182,1098881716,1098881962,1098805671,1098808180,1098836979,1098802909,1098803370,1098804018,1098805073,1098806457,1098808933,1098809497,1098786856,1098788156,1098788824,1098789380,1098791943,1098779583,1098779995,1098781939,1098783707,1098744643,1098748901,1098774712,1098777740,1098778076,1098785397,1098788888,1098794610,1098796563,1098796852,1098805169,1098806254,1098723500,1098724038,1098724913,
1099310724,1099318854,1099334657,1099395675,1099299360,1099303676,1099318186,1099335380,1099342741,1099343416,1099343745,1099397797,1099399698,1099399978,1099237221,1099224194,1099213429,1099221934,1099224104,1099250399,1099143584,1099146378,1099150716,1099162062,1099142748,1099142298,1099162155,1099140479,1099142181,1099124610,1099134368,1099143149,1099145910,1099161975,1099066640,1099143318,1099152784,1099066514,1099069502,1099066374,1099069585,1099066327,1099066149,1099069878,1099143669,1099060796,1099069984,1099060480,1099062778,1099069821,1099059836,1099059899,1099059945,1099060345,1099063139,1099064339,1099050585,1099050793,1099050860,1099052513,1099053255,1099060293,1099049804,1099050085,1099050276,1099060182,1099069924,
1099744695,1099752253,1099764631,1099830552,1099832624,1099744620,1099835317,1099657858,1099659077,1099663554,1099829723,1099610600,1099647355,1099649569,1099563933,1099567016,1099569331,1099571045,1099571572,1099572944,1099657960,1099659157,1099563900,1099517675,1099554521,1099566952,1099570974,1099493083,1099493676,1099494885,1099518719,1099489720,1099490115,1099491126,1099493530,1099480877,1099481639,1099484573,1099490935,1099508813,1099508893,1099562293,1099656625,1099479071,1099480439,1099481716,1099480470,1099480838,1099484670,1099494816,1099489858,1099404690,1099404855,1099409063,1099404632,1099404777,1099404940,1099476918,1099483190,1099487210,1099489096,1099404443,1099404651,1099407070,1099395998,1099396874,1099396940,1099395885,1099401318,1099403324,1099404638,1099404679,1099395363,1099396054,1099380322,1099335337,1099342094,1099320007,
1100020654,1100083021,1100019453,1100019544,1100020010,1100020150,1100020225,1100020485,1100019452,1100019400,1100019817,1100014574,1100014649,1100014684,1100015654,1100019517,1100019623,1100020317,1100020392,1100013768,1100008555,1100019431,1100006140,1100008485,1100014541,1100002909,1100003035,1100003301,1100003776,1100019140,1100003827,1099996389,1099997072,1099998413,1099995524,1099997001,1100002056,1100002677,1099999777,1100002115,1100002558,1099987042,1099991528,1099993154,1099968380,1099987006,1099988757,1099993107,1099999996,1099944705,1099986938,1099993153,1099943929,1099944786,1099986866,1099992078,1100000159,1099923136,1099923853,1099924621,1099928265,1099930226,1099934370,1099936088,1099992970,1100000352,1100012759,1099907844,1099910622,1099911251,1099921176,1099848554,1099851008,1099853992,1099860529,1099924530,1099856087,1099860565,1099836226,1099842559,1099849573,1099855196,1099854939,1099829534,1099835153,1099839296,1099850767,1099860104,
1100209723,1100209530,1100190250,1100204755,1100206789,1100178455,1100178594,1100182871,1100183155,1100183508,1100183758,1100183984,1100175742,1100183237,1100188896,1100183327,1100183543,1100189386,1100200241,1100207546,1100204531,1100173192,1100169544,1100171352,1100172114,1100127209,1100158536,1100160680,1100161662,1100162659,1100171476,1100204847,1100169414,1100110392,1100123330,1100123373,1100158647,1100107480,1100110347,1100118527,1100160812,1100100273,1100104660,1100092295,1100122166,1100160885,1100088109,1100100093,1100103981,1100087418,1100087671,1100086990,1100087054,1100086852,1100086885,1100086951,1100094272,1100086418,1100094995,1100099842,1100104145,1100084522,1100085063,1100085298,1100085336,1100085566,1100086235,1100086823,1100086907,1100087006,1100087295,1100082388,1100082207,1100082374,
1100612478,1100616233,1100619173,1100620082,1100621591,1100628029,
1100860052,1100870351,1100871675,1100881550,1100799011,1100792491,1100793029,1100799282,1100820271,1100870803,1101109008,1101133507,1100787811,1100870880,1100871792,1100872032,1100872526,1100872759,1100873809,1100875854,1100876128,1100876724,1100876878,1100877151,1100877374,1100877424,1100877683,1100877905,1100878098,1100878348,1100878570,1100880021,1100900627,1100781952,1100783081,1100784272,1100784602,1100787020,1100787209,1100804655,1100871000,
1101375127,1101376677,1101377938,1101384625,1101386114,1101387556,1101384254,1101384592,1101384897,1101384928,1101385339,1101385408,1101385553,1101344239,1101345584,1101346101,1101386206,1101386248,1101343392,1101309752,1101317447,1101334606,1101343486,1101309195,1101311013,1101311361,1101317041,1101334484,1101343675,1101345839,1101271681,1101292770,1101297075,1101308436,1101311085,1101311427,1101314500,1101317185,1101320323,1101405080,1101292877,1101292897,1101293401,1101297131,1101299694,1101305530,1101308571,1101333800,1101343874,1101225301,1101229451,1101221009,1101233374,1101233400,1101219490,1101220926,1101207252,1101207525,1101207731,1101207349,1101207776,1101207952,1101208323,1101208446,1101208625,1101211179,1101212646,1101214069,1101214305,1101214908,1101207664,1101208850,1101208903,1101211526,1101133653,1101108841,1101122423,1101125370,1101128972,1101161728,1101204526,1101057319,1101125494,
1101823527,1101819341,1101819713,1101819815,1101818689,1101819744,1101820184,1101822320,1101824679,1101826118,1101830317,1101832322,1101801604,1101806197,1101808609,1101809265,1101811588,1101815011,1101815603,1101816948,1101817823,1101816764,1101727502,1101728692,1101728974,1101730068,1101733842,1101734249,1101737307,1101741665,1101747943,1101811550,1101672366,1101716728,1101729088,1101672271,1101716695,1101719819,1101724887,1101728767,1101729443,1101730110,1101733995,1101734298,1101734375,1101734470,1101749735,1101725156,1101726205,1101733798,1101734206,1101737112,1101669145,1101670851,1101716630,1101724909,1101728843,1101645714,1101665147,1101671176,1101677101,1101720379,1101726814,1101734405,1101739943,1101744373,1101725092,1101734575,1101737256,1101765510,1101527995,1101550211,1101553660,1101456477,1101468923,1101471069,1101474785,1101486072,1101498415,1101504094,1101471213,1101469011,1101474579,1101386314,1101456541,
1102431788,1102414545,1102416431,1102414445,1102411261,1102412270,1102426406,1102427196,1102324392,1102334624,1102081683,1102082508,1102089288,1102089452,1102098649,1101986696,1102005824,
1103110294,1103111441,1103111685,1103112807,1103154258,1103310334,1103080973,1103110245,1103075127,1103110716,1102695362,1103110434,1102693161,1102696771,1102688247,1102810374,1102621160,1102594683,1102611599,1102687104,1102697177,1102544477,1102584629,1102586206,1102625720,1102822219,
1103531978,1103531920,1103473688,1103486732,1103494481,1103458220,1103473534,1103487067,1103395131,1103472312,1103303202,1103395058,1103467339,1103473246,1103498230,1103529625,1103292384,1103292762,1103303614,1103310243,1103332568,1103494468,1103285878,1103287206,1103291142,1103291715,1103292203,1103292438,1103292586,1103295547,1103310032,
1104491899,1104492767,1104498605,1104490972,1104491418,1104491432,1104432532,1104441266,1104401913,1103713792,1103714761,1103721258,1103723291,1103629200,1103678261,1103711111,1103628175,1103678424,1103627145,1103628142,1103630298,
1105061431,1105453542,1105023031,1105025511,1105048457,1104832684,1104845386,1104675225,1104678092,1104686747,1104686674,1104701912,1104762207,1104606414,1104686550,1104710861,1104509128,
1105514948,1105519087,1105523490,1105524213,1105529419,1105458736,1105457156,1105458000,1105458533,1105458628,1105459871,1105458577,1105455933,1105456312,1105457189,1105457901,1105456091,1105456987,1105458030,1105458029,1105458093,1105458229,1105458526,1105456239,1105456591,1105457297,1105458188,1105458256,1105458773,1105458983,1105459060,1105459069,1105459259,1105459327,1105459393,1105459701,1105450402,1105452758,1105450460,1105452562,1105453648,1105455599,1105349833,1105353739,1105355048,1105355421,1105356853,1105380075,1105408599,1105452947,1105454776,1105455753,1105456434,1105457368,1105458238,1105454860,1105456685,1105191952,1105223466,1105106194,1105107392,1105069480,1105086198,1105098862,1105099012,1105106372,1105107032,1105107305,1105107423,1105107498,1105110109,1105110326,1105111176,1105112681,1105028365,1105029832,1105030129,1105030362,1105018379,1105022813,1105022930,1105025268,1105027517,
1106039123,1106056710,1105998986,1106056847,1105807248,1105894709,1105971509,1105972480,1105994784,1105999554,1106056779,1105797635,1105805917,1105810745,1105824973,1106076450,1105824647,1105971392,1105799045,1105805551,1105871915,1105971220,1105972872,1105973488,1105974167,1105978881,1105999697,1105999982,1106057255,1106063642,1105766880,1105719735,1105766978,1105767002,1105710394,1105767082,1105690035,1105708406,1105767180,1105614057,1105620309,1105620649,1105621169,1105626781,1105629416,1105581590,1105604024,1105614490,1105620524,1105621052,1105624555,1105626828,1105644356,1105621002,1105626858,1105551530,1105568729,1105545075,1105532870,
1110629117,1110555031,1110543555,1110543684,1110543769,1110461864,1110462212,1110464728,1110456119,1110441411,1110441762,1110409140,1110450885,1110500607,1110543376,1110543805,1110546034,1110549604,
1111132078,1111134131,1111137091,1111140237,1111141754,1111142148,1111144773,1111150879,1111151272,1111152709,1111153887,1111131633,1111131982,1111151019,1111071604,1111076057,1111051337,1111066989,1111071538,1111072060,1111072447,1111073750,1111074228,1111075936,1111011480,1111000117,1111010722,1110987206,1110987438,1110986250,1110925562,1110961785,1110969790,1110971589,1110972206,1110982624,1110983281,1110902433,1110903760,1110905382,1110905673,1110906015,1110982193,1110982687,1110884917,1110887774,1110888092,1110888208,1110888315,1110888380,1110890475,1110898499,1110905756,1110874325,1110874903,1110877718,1110887831,1110887997,1110898399,1110798450,1110805891,1110811724,1110816706,1110787685,1110789625,1110790496,1110792342,1110796769,1110806384,1110803455,1110803101,1110803172,1110803262,1110803861,1110803973,1110804604,1110806277,1110807805,1110809913,1110815713,1110816534,1110816708,1110822323,1110877851,1110888281,1110751650,1110810410,1110811692,1110812206,1110812738,1110737955,1110743729,1110746679,1110709755,1110716167,1110719551,1110744077,1110746534,1110792203,1110794170,1110646934,1110709223,1110638912,1110791469,1110634541,1110647327,1110648657,
1111543248,1111572109,1111582873,1111585643,1111508050,1111508256,1111509461,1111509770,1111510081,1111510178,1111510329,1111511435,1111581259,1111507955,1111507983,1111509538,1111581321,1111480196,1111482376,1111483379,1111485673,1111486422,1111486981,1111487081,1111487239,1111487443,1111487865,1111488422,1111489920,1111490863,1111494071,1111494757,1111497973,1111500396,1111500622,1111501067,1111501741,1111506307,1111506417,1111506855,1111506951,1111507142,1111507710,1111507868,1111507956,1111508037,1111508188,1111456333,1111477785,1111482412,1111492667,1111493963,1111494896,1111425185,1111333002,1111339743,1111357064,1111358826,1111419563,1111425662,1111479626,1111491034,1111491273,1111323262,1111323531,1111323625,1111323770,1111323885,1111326606,1111339658,1111357195,1111358905,1111392774,1111399378,1111401787,1111403305,1111419217,1111422001,1111427206,1111491355,1111323189,1111357366,1111313704,1111315207,1111332710,1111401847,1111402246,1111427541,1111307257,1111315436,1111317808,1111318222,1111318722,1111319125,1111319384,1111319676,1111319331,1111322871,1111323281,1111332167,1111334136,1111275619,1111307125,1111315271,1111397540,1111413221,1111241058,1111241455,1111241724,1111243562,1111243598,1111245271,1111250520,1111251938,1111253328,1111254337,1111256019,1111270768,1111274615,1111307076,1111261685,1111252672,1111253604,1111254395,1111317750,1111161433,1111181917,1111241711,1111252272,1111252981,1111253732,1111254445,1111155690,1111156714,1111155509,1111155310,1111142639,1111142783,1111150741,1111156301,1111134214,1111137139,1111140195,1111140330,1111141738,1111252465,1111252519,1111133295,1111134164,
1112315353,1112337496,1112346000,1112346463,1112353506,1112359592,1112282388,1112285202,1112288845,1112281956,1112289375,1112273605,1112263945,1112273246,1112258621,1112259254,1112305646,1112258139,1112259227,1112260699,1112262536,1112263557,1112273328,1112223680,1112248471,1112255533,1112258173,1112262412,1112262663,1112266885,1112273398,1112289540,1112203643,1112184770,1112184941,1112186492,1112186619,1112189301,1112191236,1112191539,1112255587,1112198643,1112183443,1112183708,1112184125,1112184356,1112184558,1112184666,1112184688,1112203395,1112180704,1112181131,1112181449,1112181807,1112177335,1112177428,1112176138,1112180613,1112175787,1112175980,1112176282,1112175393,1112174933,1112175237,1112175447,1112175807,1112176406,1112114805,1112109594,1112115191,1112104638,1112105253,
1113128400,1113129013,1113143264,1113148451,1113148868,1113148994,1113127045,1113127780,1113128222,1113128804,1113130247,1113132364,1113134739,1113138781,1113139666,1113139967,1113142183,1113148598,1113037827,1113049997,1113050274,1113070078,1113125927,1113128927,1113130309,1113132419,1113132154,1113143080,1113000623,1113008161,1113037588,1112975163,1112976735,1113037517,1112968579,1112966536,1112962198,1112963414,1112971309,1112957040,1112957660,1112961493,1112890927,1112957931,1112881756,1112881907,1112882123,1112882188,1112882478,1112882731,1112885894,1112882740,1112890819,1112882235,1112880570,
1113402523,1113403894,1113468946,1113243142,1113256789,1113223265,1113225358,1113229716,1113229996,1113212571,1113213518,1113214113,1113214166,1113214338,1113219343,1113220968,1113225170,1113229780,1113230118,1113230963,1113231631,1113233638,1113234734,1113237195,1113210388,1113200544,1113203202,1113210133,1113213631,1113219415,1113230221,1113160435,1113160839,1113166476,1113170418,1113203291,1113210207,1113158256,1113149391,1113203846,1113210277,1113211334,
1113909827,1113910401,1113910476,1113910622,1113910402,1113910554,1113910792,1113911177,1113911300,1113911576,1113911870,1113911921,1113912093,1113912166,1113912705,1113913227,1113917552,1114015614,1113910585,1113910732,1113911043,1113827776,1113905144,1113905634,1113907831,1113907873,1113564033,1113510583,1113508031,1113515101,
1112100532,1112105213,1112106458,1112138182,1112174895,1112090411,1112090909,1112079422,1112114365,1112048730,1112079265,1112083212,1112083444,1112083683,1112084093,1112105543,1112092797,1112094959,1112095387,1112095647,1112096615,1112096723,1112098853,1112102587,1112103320,1112103470,1112103763,1112103915,1112104261,1112104515,1112104543,1112105499,1112031501,1112048334,1112092230,1112005051,1112005932,1112012624,1112023044,1112026298,1111921109,1111926425,1111934211,1111962751,1112092433,1111854660,1111856134,1111933886,1111954286,1112092586,1112093151,1111750539,1111750934,1111754862,1111761420,1111788335,1111828527,1111831013,1111745724,1111751043,1111740067,1111696865,1111745293,1111685719,1111696792,1111744709,1111934095,1111658821,1111662578,1111658714,1111662478,1111663731,1111667075,1111673343,1111685539,1111657639,1111658664,1111661495,1111662616,1111662838,1111614310,1111623336,1111652521,1111653065,1111653194,1111653370,1111656750,1111661635,1111662416,1111591932,1111590864,1111605074,1111581842,1111583021,1111584638,
1112817912,1112818228,1112860798,1112864007,1112869802,1112873174,1112880699,1112881779,1112882049,1112806260,1112817755,1112802155,1112790225,1112793972,1112794388,1112795473,1112796130,1112802107,1112804069,1112805606,1112817375,1112856794,1112864125,1112870122,1112873680,1112874865,1112878472,1112899388,1112781913,1112739785,1112770113,1112770233,1112770331,1112772549,1112780395,1112864308,1112873782,1112958222,1112770203,1112705279,1112816212,1112873563,1112703033,1112704520,1112708952,1112709136,1112709329,1112709436,1112709619,1112710566,1112711817,1112712419,1112713128,1112770109,1112698529,1112695671,1112695982,1112637962,1112650493,1112681605,1112683021,1112683982,1112684021,1112690886,1112701907,1112703013,1112704163,1112704652,1112625734,1112631244,1112684177,1112621835,1112624569,1112627149,1112628897,1112650371,1112683058,1112685127,1112685547,1112618043,1112626290,1112602681,1112609889,1112611852,1112615935,1112618216,1112620929,1112621704,1112624329,1112625655,1112625678,1112627104,1112625843,1112631298,1112555113,1112597409,1112602196,1112602251,1112604354,1112605503,1112607531,1112615704,1112616307,1112617390,1112624509,1112435243,1112450747,1112461920,1112522109,1112529098,1112368160,1112360729,1112362465,1112450628,1112529160,1112360649,1112366963,1112370098,1112462092,
1114461297,1114464702,1114467554,1114499993,1114503489,1114504270,1114504445,1114505570,1114506857,1114507067,1114508644,1114509651,1114510596,1114514717,1114509620,1114509718,1114438847,1114442861,1114443825,1114500131,1114411905,1114414352,1114414915,1114416447,1114416456,1114425927,1114425974,1114435507,1114352603,1114354441,1114346166,1114345632,1114416612,1114442267,1114165146,1114169784,1114173287,1114173580,1114175022,1114175849,1114176887,1114167935,
1114015315,1113995837,1114003144,1114003711,1114004368,1114003348,1114003749,1114004385,1113921357,
1114524713,1114605605,1114609246,1114608072,1114524724,1114524823,1114524680,1114524760,1114524859,1114524951,1114522899,1114522982,1114523890,1114523958,1114522051,1114522938,1114523195,1114524110,1114519300,1114519582,1114519685,1114521200,1114523369,1114525283,1114518292,1114518377,1114519701,1114520523,1114520791,1114521250,1114517658,1114517897,1114516572,1114515058,1114515910,1114516393,1114516830,1114518955,1114521752,1114517869,1114512223,1114516764,1114517699,1114517838,1114517925,1114518307,1114518752,1114518907,1114525749,1114527204,1114518009,1114518057,1114518239,1114519487,1114525794,1114521467,1114510918,1114511783,1114512115,1114512229,1114512283,1114514207,1114516398,1114517750,1114517981,1114500830,1114503707,1114504166,1114505350,1114514334,1114515413,1114515986,1114516458,1114525968,1114519784,
1114773151,1114774005,1114774084,1114774133,1114789475,1115016371,1114679858,1114682848,1114683088,1114679826,1114684797,1114685206,1114685746,1114686284,1114686495,1114687853,1114688325,1114693982,1114698293,1114690634,1114613442,1114613544,1114614498,1114616760,1114612007,1114613001,1114613377,1114613475,1114616705,1114619545,1114625459,1114636502,
1115118533,1115193723,1115103433,1115109922,1115111342,1115118724,1115193356,1115043307,1115049569,1115034461,1115035132,1115037455,1115037980,1114948316,1114951631,1114974270,1114975967,1115016447,1115019536,1114859458,1114836982,1114871983,1114833793,1114872035,1114777394,1114778137,1114775940,1114776157,1114776813,1114777021,1114777352,1114777577,1114777679,1114778209,1114775170,1114777070,1114777872,1114837070,1115016129,1114774443,1114777493,1114777723,1114778263,1114783549,1114790160,
1115560654,1115564279,1115579158,1115625444,1115490218,1115495146,1115495967,1115552604,1115553847,1115630223,1115635559,1115550036,1115625776,1115626769,1115627372,1115366156,1115214412,1115216805,1115220551,1115627571,1115221266,1115221846,1115208007,1115220381,1115221894,1115127753,1115128633,1115129433,1115129824,1115131296,1115131333,1115131719,
1115836997,1115842973,1115880971,1115880998,1115887185,1115824826,1115825265,1115826666,1115887328,1115811022,1115836943,1115777469,1115795532,1115826749,1115811476,1115735602,1115760627,1115768859,1115735503,1115811431,1115818242,1115726309,1115727357,1115723770,1115726036,1115760535,1115768900,1115732939,1115732995,1115633344,1115633499,1115635830,1115639909,1115665442,1115633232,1115633469,1115632814,1115632994,1115628547,1115635328,1115635648,1115637083,1115638747,1115627211,1115630310,1115632578,1115635247,1115622333,1115625125,1115625556,1115632783,1115633052,1115635124,1115637003,1115637628,1115722698,1115625264,1115626704,1115627283,1115628060,1115628885,1115628971,1115630096,
1116168742,1116169307,1116169502,1116170440,1116170773,1116172116,1116184995,1116187445,1116188343,1116189800,1116189828,1116156236,1116157485,1116157588,1116157772,1116157926,1116158484,1116158732,1116159424,1116148405,1116150469,1116154263,1115975732,1115969987,1115967054,1115976949,1115994989,1116000132,1116006738,1115941749,1115966959,1115970115,1115971428,1115972661,1115973903,1115975552,1115922754,1115995117,1115997379,1115998387,1115909108,1115894070,1115839419,1115839714,
1116422805,1116423042,1116438688,1116418476,1116422856,1116418015,1116410455,1116413289,1116414047,1116414251,1116414388,1116414501,1116415834,1116422711,1116406058,1116413474,1116414255,1116349729,1116338621,1116340116,1116341168,1116341247,1116341455,1116341693,1116342123,1116342356,1116342758,1116342930,1116343506,1116316880,1116319875,1116320146,1116320679,1116320730,1116320582,1116321383,1116323210,1116341784,1116342179,1116249828,1116250276,1116251550,1116268104,
1116693770,1116687239,1116756634,1116760996,1116687164,1116700633,1116756739,1116758406,1116761109,1116761208,1116764788,1116765305,1116772246,1116617982,1116594034,1116590158,1116590900,1116591079,1116596131,1116599820,1116588306,1116588340,1116588763,1116588803,1116589593,1116593026,1116598069,1116599858,1116600785,1116500960,1116493734,1116494157,1116495201,1116504231,1116506184,1116506512,1116507410,1116507743,1116508748,1116509515,1116512112,1116512318,1116512492,1116512701,1116512965,1116513146,1116513395,
1116946323,1116935136,1116935495,1116936038,1116936176,1116936296,1116936850,1116937346,1116937479,1116937549,1116939859,
1117183006,1117101990,1117107456,1117107578,1117112566,1117199308,1117098312,1117099414,1117099642,1117099714,1117101952,1117096136,1117103116,1117107391,1117107620,1117112602,1117044660,1117048787,1117049831,1117059019,1117059180,1117091311,1117097766,1117098126,1117099568,1117103700,1117029468,1117006689,1117010167,1117011093,1117011334,1117011434,1117011493,1117011595,1117012198,1117014382,1117019481,1117020917,1117021054,1117010898,
1117454349,1117468970,1117535856,1117453868,1117400212,1117451241,1117192626,1117192864,
1117618418,1117618542,1117628254,1117631514,1117632046,1117633195,1117633732,1117634338,1117634638,1117634745,1117634850,1117635321,1117635725,1117636267,1117637474,1117644992,1117646056,1117646179,1117550543,1117551178,1117551382,1117552246,1117537220,1117537284,1117537519,1117538140,1117538470,1117538678,1117578644,1117612448,1117636300,
1117811286,1117812321,1117797988,1117804367,1117804493,1117810349,1117812386,1117817712,1117853916,1117880028,1117885136,1117886735,1117801688,1117802563,1117803052,1117806660,1117810440,1117825515,1117721265,1117716651,1117717334,1117721315,
1118395227,1118397232,1118409465,1118412008,1118412581,1118414018,1120380046,1120820114,1120820223,1120822169,
1126627683,1126207591,1126208508,1126208527,1126210664,1126254293,1126257720,1126372423,1126015773,1126016884,1125994366,1125998947,1125999377,1126000025,
1127113907,1127114686,1127119566,1127162197,1127173018,1127200475,1127141876,1127051488,1127065360,1127070612,1127074137,1127113706,1126973138,1126984103,1126886718,1127001346,1126879032,1126876602,1127119620,1126876547,1126817316,1126819974,1126837024,1126859293,1126876200,1126803519,1126804774,1126809205,1126868890,1126876257,1126879117,1126889331,1126796391,1126787617,1126788038,1126792486,1126813315,1127113807,
1127833172,1127834027,1127834097,1127834615,1127835574,1127838716,1127847502,1127734912,1127734993,1127735536,1127736008,1127736090,1127736688,1127736937,1127750764,1127754988,1127486530,1127487795,1127565479,1127569377,1127577248,1127578915,1127582282,1127483984,1127485325,1127486143,1127487830,1127521466,1127565629,1127486324,1127207003,1127224272,1127141920,1127220868,
1128309232,1128309515,1128320380,1128350470,1128350781,1128351574,1128352522,1128362584,1128247923,1128252450,1128192227,1128280852,1128096049,1128089053,1128096176,1128096230,1128065454,1128078083,1128078264,1128079335,1128080202,1128096437,1128096701,1128111341,1127831797,
1128877379,1128871130,1128927276,1128938921,1128940798,1128942209,1128942765,1128870992,1128912767,1128926588,1128934693,1128938548,1128941133,1128942686,1128950501,1128964331,1128785277,1128806786,1128926466,1128939029,1128696878,1128696890,1128672862,1128654589,1128670899,1128672918,1128696824,1128696972,1128942815,1128677627,1128672836,1128677775,1128655145,1128670875,1128677996,1128711313,1128504969,1128514522,1128380616,1128409063,1128418085,1128418763,1128419405,1128422277,1128428022,1128428851,1128431358,1128433421,1128434940,1128514872,1128362617,
1129737020,1129739005,1129742852,1129748010,1129712769,1129723596,1129725057,1129735129,1129723363,1129673310,1129759933,1129300976,1129301388,1129301684,1129213804,1129259601,1129290468,1129301075,1129301758,1129332131,1129381861,1129385874,1129386207,1129202464,1129207464,1129208902,1129209348,1129209480,1129210194,1129210939,1129118817,1129119205,1129121832,1129119249,1129121920,1129125516,1129131469,1129207186,1129208934,
1130252520,1130256159,1130189971,1130167947,1130182165,1130185806,1130162626,1129900897,1129901030,1129900950,1129903670,1129897223,1129900405,1129900454,1129883140,1129842850,1129843895,1129882886,1129892786,1129895080,1129896139,1129899942,1129901268,1129882988,1129897327,1129825034,1129891355,1129892952,1129896187,1129896643,1129809404,1129809641,1129811498,1129814601,1129807582,1129807982,1129808272,1129811424,1129808387,1129809384,1129812730,1129816606,1129822552,1129825405,1129827515,1129891844,1129883006,1129896338,1129748784,1129751872,1129761108,1129786103,1129807021,1129807278,1129807898,1129825441,1129828669,1129840908,1129900702,
1131022784,1131022949,1131023156,1131025776,1131025988,1131025946,1131026231,1130930246,1130933595,1130935816,1131022977,1130863512,1130857389,1130857836,1130858310,1130858536,1130860877,1130861964,1130923705,1130856499,1130933306,1130833417,1130834443,1130837655,1130838455,1130840369,1130842242,1130850834,1130773711,1130774049,1130779017,1130779896,1130783897,1130787992,1130797872,1130799616,1130833293,1130834540,1130865272,1130585783,1130589619,1130600381,1130601716,1130631730,1130668032,1130676126,1130702439,1130740216,1130742671,1130761295,1130773483,1130584173,1130600294,1130601794,1130672165,1130508023,1130514819,1130520078,1130520400,1130520869,1130483942,1130489978,1130491329,1130500170,1130503646,1130504706,1130509688,
1131470925,1131525481,1131525855,1131525901,1131434501,1131440404,1131444120,1131450498,1131400676,1131447340,1131378325,1131396168,1131375567,1131377807,1131378375,1131383503,1131386589,
1132306666,1132321860,1132328358,1132330024,1132346364,1132070650,1131979208,1131985909,1131995316,1132013531,1132104962,1131828026,1131948463,1131965434,1132104898,1132147582,1132267460,1132300711,1132417034,1131722410,1131804655,1131814444,1131884970,1131965475,1131717082,1131717234,1131718209,1131718486,1131718229,1131718564,1131722860,1131724195,1131814326,1131820498,1131715062,1131717341,1131718102,1131718301,1131722925,1132105414,1131718647,1131634025,1131634263,1131634401,1131702167,1131554092,1131554563,1131557585,1131603901,1131550919,1131536406,1131536680,1131536823,1131537456,1131537612,1131545319,1131562796,1131538457,1131545103,1131538565,1131536721,1131541210,1131542362,1131615004,1131539168,1131545200,
1132833916,1132835063,1132841210,1132843481,1132850615,1132922129,1132923177,1132923793,1132927900,1132934441,1133000778,1133010562,1133014159,1133021547,1133025313,1133040616,1132926491,1132764984,1132771578,1132787357,1132739804,1132740896,1132743122,1132748521,1132754285,1132755880,1132738429,1132739627,1132741033,1132671589,1132671767,1132672611,1132674353,1132675178,1132676231,1132676339,1132677008,1132677434,1132677478,1132677544,1132677584,1132677726,1132677961,1132665649,1132581197,1132582160,1132591151,1132573973,1132574094,1132574456,1132574488,1132574891,1132608389,1132560465,1132596150,1132598608,1132620257,1132662400,
1133428677,1133440298,1133344220,1133347203,1133348419,1133349177,1133353146,1133359030,1133366260,1133280642,1133282592,1133135687,1133170523,1133171688,1133171840,1133174083,1133211455,1133359154,1133260923,1133169857,1133255761,1133258886,1133272321,1133276091,1133038332,1133039855,1133040489,1133046015,1133094962,1133104370,1133014224,1133015738,1133017070,1133018056,1133021430,1132923235,1132923677,1132941009,1132999671,1133006455,
1133976314,1134075294,1133860213,1133860253,1133861269,1133862386,1133865606,1133867373,1133867714,1133874726,1133878012,1133880620,1133878049,1133879263,1133880595,1133881662,1133881876,1133882625,1133882756,1133883105,1133884177,1133884685,1133885088,1133885266,1133885311,1133885348,1133900004,1133902556,1133910149,1133911928,1133794373,1133703432,1133708525,1133628240,1133772762,1133781864,1133627868,1133633139,1133652299,1133656199,1133707818,1133608716,1133608795,1133779855,1133509599,1133515489,1133516770,1133519937,1133520808,1133522532,1133527803,1133528564,1133529234,1133529425,1133539338,1133558065,1133608055,1133624377,1133628138,1133772416,1133781957,1133790145,1133879203,1133608731,1133624453,1133630547,1133652197,1133473163,1133509475,1133624188,1133528660,1133383422,1133383467,1133383764,1133384830,1133386543,1133394066,1133397444,1133424923,1133426173,1133458580,1133459764,1133471091,1133472689,1133383326,1133384769,1133387485,1133418068,1133435983,
1134720051,1134721607,1134722545,1134722656,1134722816,1134735810,1134656356,1134664726,1134722588,1134637304,1134640508,1134645447,1134665203,1134575933,1134576787,1134577084,1134580229,1134591942,1134597385,1134599698,1134633645,1134665320,1134570756,1134571211,1134576767,1134591990,1134562747,1134634036,1134548187,1134551375,1134554096,1134547046,1134548174,1134548683,1134591843,1134665547,1134481213,1134481504,1134483978,1134484051,1134484350,1134485603,1134485901,1134485955,1134486018,1134485908,1134485972,1134486437,1134486711,1134487207,1134491740,1134465981,1134471662,1134479776,1134484399,1134485706,1134486068,1134486921,1134487057,1134487825,1134488098,1134490368,1134491233,1134491492,1134492031,1134437792,1134476289,1134478268,1134400864,1134415704,1134416176,
1134999082,1134996953,1134997082,1134997732,1134998717,1134999120,1135000666,1135001315,1135002347,1135003941,1135033791,1135064079,1134994496,1134994748,1134995265,1135000541,1135033842,1134987848,1134993156,1134996903,1134997123,1134998771,1134999165,1134990169,1134735691,1134735797,1134848733,1134928765,
1135247535,1135262738,1135243525,1135249105,1135207611,1135267369,1135206359,1135240576,1135243286,1135247117,1135248858,1135248952,1135200709,1135194915,1135184807,1135262369,1135264698,1135266800,1135141524,1135151028,1135179439,1135184317,1135188527,1135120525,1135120274,1135179585,1135084302,1135084555,1135087717,1135087834,1135095345,1135080199,1135081447,1135081641,1135082234,1135084108,1135068738,1135073077,1135074871,1135075433,1135076313,1135076879,1135082801,1135084064,1135084635,1135085191,1135085387,1135236699,1135076553,1135079117,1135084187,1135085087,1135032540,1135032839,1135034052,1135063864,1135066367,1135066724,1135066995,1135068796,1135071850,1135076508,1135078870,1135079136,1135079560,1135082863,1135094251,1135030833,
1135763862,1135764005,1135797407,1135797627,1135855908,1135862410,1135870128,1135870956,1135871230,1135885290,1135697118,1135697268,1135698442,1135700716,1135688376,1135690438,1135681954,1135683792,1135684543,1135338070,1135339064,1135348959,1135349628,1135508933,1135269595,1135280015,1135259730,1135260443,1135262284,1135262706,1135268184,1135269388,1135271957,
1135949423,1135946657,1136199589,1135936349,1135936714,1135945720,1135933603,1135933933,1135936009,1135936625,1135876264,1135885697,1135888739,1135890337,1135891732,1135935791,1135945943,1135874379,1135874798,1135879085,1135879308,1135886806,1135933023,1135946278,1135872660,1135872912,1135873667,1135885036,1135885311,1135886616,1135890624,1135896714,1135898093,1135933087,1135939160,1135946076,1135950838,1135871074,1135871508,1135872175,1135885093,1135890719,
1136725631,1136725798,1136726230,1136727204,1136304295,1136207314,1136207546,1136208473,1136211039,1136223929,1136296204,1136304080,
1136893377,1136894582,1136897015,1136898169,1136900772,1136901034,1136882272,1136887546,1136888069,1136889864,1136734492,1136743133,1136743663,1136743986,1136734541,1136730037,1136731042,
1137158894,1137163679,1137174360,1137174470,1137189887,1137077318,1137077715,1137078986,1137060831,1137061952,1137065186,1137082150,1137097236,1137140865,1137056231,1137056363,1137058104,1137058342,1137058695,1137058888,1137060556,1137069046,1137071362,1137071710,1137071928,1137076385,1137077495,1137077678,1137082891,1137083268,1137055756,1137055936,1137056309,1137058800,1137069126,1137070835,1137071189,1136992918,1136998464,1137011630,1137022376,1137052197,1137052809,1137055071,1137055279,1137056051,1137060578,1137060785,1137061384,1137061715,1137062204,1137062984,1137069057,1137069325,1137069882,1137071150,1136978916,1136979504,1136979521,1136980418,1136982414,1136984252,1136985877,1136986006,1136988692,1136988714,1136989024,1136989385,1136990933,1136972831,1136972889,1136973689,1136974420,1136977371,1136994070,1136972131,1136973725,1136974382,1136977473,1136978086,1136994609,1137010714,1136971729,1136964809,1136973856,1136932879,1136932261,1136972882,1136973981,1136975899,1136976402,1136976552,1136977263,1136978174,1136978476,1136980457,1136900637,1136897891,1136898098,1136900616,1136900730,1136900846,1136974067,
1137489071,1137492277,1137493198,1137493237,1137496325,1137504416,1137505271,1137506461,1137507387,1137508472,1137508838,1137512361,1137428463,1137437945,1137438441,1137424354,1137425881,1137427000,1137427847,1137449350,1137412930,1137427063,1137424924,1137426051,1137400000,1137328938,1137327530,1137328567,1137256172,1137353965,1137357661,1137360875,1137253178,1137326899,1137328712,1137249990,1137252442,1137253523,1137255456,1137256361,1137258260,1137327069,1137359021,1137318598,1137359324,1137360941,1137174830,1137228716,1137167488,1137173953,
1137664789,1137665353,1137666581,1137674977,1137678825,1137683638,1137594844,1137595030,1137595385,1137620900,1137662489,
1138027009,1138027708,1138034820,1138025054,1138025240,1138029055,1138106038,1138108249,1138108680,1138119013,1138011763,1138013483,1138006323,1138006401,1138006684,1138007866,1138008125,1138011451,1138012425,1137952451,1137955295,1137971718,1138005069,1138007932,1138021004,1138025355,1138044859,1138089786,1137932961,1137926111,1137928614,1137929314,1137933324,1137965909,1137934289,1137847911,1137848203,1137848882,1137850399,1137850567,1137856423,1137863814,1137871250,1137872173,1137936006,1138005346,1137785812,1137820294,1137934844,1137773883,1137776875,1137777795,1137833347,1137787659,1137833451,1137852033,1137926380,1137833746,1137847979,1137848272,1137851148,1137770651,1137772784,1137773419,1137774130,1137776792,1137777819,1137777837,1137761704,1137762775,1137762997,1137764642,1137772839,1137756017,1137758416,1137759005,1137759025,1137759890,1137760868,1137763280,1137848353,1137749835,1137750486,1137747058,1137767257,1137696753,1137743094,1137695055,1137697888,1137697927,1137743329,1137692456,1137679217,
1138268935,1138350113,1138353224,1138353717,1138358521,1138367946,1138371674,1138267584,1138279787,1138280543,1138286305,1138286682,1138245056,1138266277,1138201081,1138203113,1138204245,1138213020,1138245002,1138199370,1138199195,1138201174,1138202160,1138265825,1138194139,1138262544,1138262844,1138263410,1138174139,1138174894,1138178327,1138180602,1138183167,1138185396,1138187056,1138193715,1138195813,1138145866,1138175576,1138244972,1138139414,1138129363,1138129862,1138122084,1138123082,1138123271,1138123738,1138123972,1138124876,1138178511,1138179454,1138185490,1138112897,1138118975,1138109365,1138111989,1138112809,1138119628,1138119713,1138104086,1138104205,1138105921,1138108184,1138119796,1138103398,1138105765,1138094038,1138105683,1138119910,1138093073,1138093910,1138103331,1138103544,1138103942,1138120014,1138069811,1138089759,1138093146,1138119466,
1138616871,1138617747,1138620109,1138635025,1138635553,1138636441,1138637142,1138637442,1138613130,1138635622,1138637391,1138570894,1138609620,1138612701,1138615268,1138616435,1138618409,1138620624,1138621847,1138635117,1138636495,1138649566,1138658157,1138693690,1138695893,1138702646,1138705185,1138547075,1138565277,1138566739,1138566995,1138608573,1138628314,1138635221,1138609048,1138611216,1138612837,1138615361,1138616519,1138635333,1138566783,1138546604,1138546947,1138547168,1138609733,1138547703,1138553937,1138608342,1138609907,1138635427,1138544505,1138545307,1138547756,1138458239,1138458450,1138458527,1138544830,1138546851,1138547826,1138610061,1138458206,1138459147,1138457682,1138545705,1138548535,1138567353,1138569706,1138570942,1138610291,1138659803,1138454325,1138457286,1138457520,1138457456,1138459213,1138463479,1138545770,1138606813,1138610489,1138457244,1138457426,1138606599,1138610617,1138445243,1138449611,1138454197,1138457488,1138459248,1138635786,1138546712,1138548920,1138373729,1138374234,1138378111,1138381724,1138380641,1138380953,1138447070,1138449699,1138463361,1138538354,1138369423,1138370675,1138370804,1138371221,1138371618,1138371935,1138373835,1138374294,1138375491,1138381876,1138375529,1138378255,1138379881,1138354026,1138358566,1138278875,1138279458,1138281442,1138350658,
1138724797,1138724420,1138724421,1138724463,1138724515,1138724523,1138724572,1138722503,1138723675,1138723753,1138724255,1138724349,1138724414,1138724466,1138724520,1138724489,1138724558,1138723359,1138723833,1138723462,1138723588,1138723842,1138724159,1138724297,1138724336,1138718284,1138719077,1138719153,1138722431,1138722903,1138723625,1138723880,1138723948,1138724161,1138719234,1138698890,1138701617,1138702412,1138704557,1138702432,1138702513,1138703400,1138704013,1138704474,1138704670,1138704958,1138723689,1138724030,1138698765,1138702606,1138707419,1138723032,1138723393,1138726834,1138704875,1138713493,1138714949,
1138735365,1138725334,1138725182,1138725267,1138725426,1138725533,1138725608,1138881539,1138801541,1138809225,1138809475,1138811653,1138812170,
1139237630,1139237736,1139238040,1139238173,1139239032,1139239202,1139239285,1139239398,1139239402,1139239588,1139239263,1139237649,1139238077,1139238251,1139238877,1139238985,1139239481,1139239592,1139239707,1139239884,1139240128,1139240296,1139240613,1139219151,1138973283,1138973389,1138974024,1138974150,1138974225,1138974407,1138979071,1138979351,1138979808,1138980088,1138981130,1138981421,1138982171,1138982405,1138982426,1138982615,1138985425,
1139313876,1139314183,1139314386,1139314483,1139319565,1139320132,1139320557,1139321101,1139321313,1139321959,1139326211,1139398642,
1162897774,1162898984,1162910824,1162911595,1162911786,1162912189,1162912346,1162913495,1162914826,1174387810,1174392033,1174393514,1174403508,1174404243,1174407089,1174408527,1219695270,1235250521
